********************************************************************************
vcluster (CLUTO 2.1.1) Copyright 2001-03, Regents of the University of Minnesota

Matrix Information -----------------------------------------------------------
  Name: re1.mat, #Rows: 1657, #Columns: 3758, #NonZeros: 87328

Options ----------------------------------------------------------------------
  CLMethod=Direct, CRfun=I2, SimFun=Cosine, #Clusters: 10
  RowModel=None, ColModel=IDF, GrModel=SY-DIR, NNbrs=40
  Colprune=1.00, EdgePrune=-1.00, VtxPrune=-1.00, MinComponent=5
  CSType=Best, AggloFrom=0, AggloCRFun=I2, NTrials=10, NIter=10

Solution ---------------------------------------------------------------------

---------------------------------------------------------------------------------------------------------------------------------------------------------------------------------
10-way clustering: [I2=4.85e+02] [1657 of 1657], Entropy: 0.398, Purity: 0.602
---------------------------------------------------------------------------------------------------------------------------------------------------------------------------------
cid  Size  ISim  ISdev   ESim  ESdev  Entpy Purty | coco grai  veg whea copp coff suga ship cott carc crud  nat meal alum oils gold  tin live iron rubb zinc oran  pet  dlr  gas 
---------------------------------------------------------------------------------------------------------------------------------------------------------------------------------
  0    96 +0.187 +0.059 +0.021 +0.009 0.054 0.969 |    1    0    0    0    0   93    1    0    0    0    0    0    0    0    0    0    0    0    0    0    0    0    1    0    0 
  1    88 +0.157 +0.075 +0.019 +0.007 0.422 0.511 |   45    1    0    0    0    3    1    2    1    0    2    0    0    0    0    0    8    0    0   25    0    0    0    0    0 
  2    78 +0.154 +0.051 +0.018 +0.006 0.476 0.615 |    0    7    3    0    0    0    0    2    0    0   48    3    2    0    2    0    0    0    2    1    1    0    4    0    3 
  3   102 +0.149 +0.056 +0.015 +0.006 0.196 0.843 |    0    0    0    0    9    0    0    3    0    0    1    0    0    0    0   86    0    0    2    0    1    0    0    0    0 
  4   254 +0.089 +0.030 +0.022 +0.008 0.456 0.402 |    0  102   14   10    0    0   98    5    0    1    1    0    7    0   10    0    0    5    0    1    0    0    0    0    0 
  5   180 +0.089 +0.027 +0.024 +0.008 0.322 0.672 |    0    4   36    0    0    0    0    0    0    1  121    0    1    0    9    0    0    0    0    0    0    0    1    0    7 
  6   171 +0.076 +0.027 +0.022 +0.008 0.303 0.731 |    0    0    3    0    0    1    0    2    0    0  125   24    1    1    0    0    0    0    0    0    0    0    5    0    9 
  7   173 +0.061 +0.021 +0.014 +0.005 0.404 0.624 |    0   12    1    0    1    0    1  108    0    4   31    0    0    0    6    1    5    0    1    1    1    0    0    0    0 
  8   325 +0.057 +0.019 +0.021 +0.008 0.363 0.738 |    2  240    3    9    0    0    5    5   16    2    1    0    3    1   14    0    0   17    0    2    0    5    0    0    0 
  9   190 +0.047 +0.013 +0.019 +0.008 0.769 0.153 |    0    5    0    0   27    2    0   10    0   12    0    0    1   29    9    0    5   20   26    2    7    8    7   20    0 
---------------------------------------------------------------------------------------------------------------------------------------------------------------------------------

Timing Information -----------------------------------------------------------
   I/O:                                   0.027 sec
   Clustering:                            0.303 sec
   Reporting:                             0.004 sec
********************************************************************************
********************************************************************************
vcluster (CLUTO 2.1.1) Copyright 2001-03, Regents of the University of Minnesota

Matrix Information -----------------------------------------------------------
  Name: re1.mat, #Rows: 1657, #Columns: 3758, #NonZeros: 87328

Options ----------------------------------------------------------------------
  CLMethod=Direct, CRfun=H1, SimFun=Cosine, #Clusters: 10
  RowModel=None, ColModel=IDF, GrModel=SY-DIR, NNbrs=40
  Colprune=1.00, EdgePrune=-1.00, VtxPrune=-1.00, MinComponent=5
  CSType=Best, AggloFrom=0, AggloCRFun=H1, NTrials=10, NIter=10

Solution ---------------------------------------------------------------------

---------------------------------------------------------------------------------------------------------------------------------------------------------------------------------
10-way clustering: [H1=5.73e-04] [1657 of 1657], Entropy: 0.421, Purity: 0.610
---------------------------------------------------------------------------------------------------------------------------------------------------------------------------------
cid  Size  ISim  ISdev   ESim  ESdev  Entpy Purty | coco grai  veg whea copp coff suga ship cott carc crud  nat meal alum oils gold  tin live iron rubb zinc oran  pet  dlr  gas 
---------------------------------------------------------------------------------------------------------------------------------------------------------------------------------
  0   113 +0.167 +0.042 +0.025 +0.009 0.132 0.867 |    0   14    0    0    0    0   98    0    0    0    1    0    0    0    0    0    0    0    0    0    0    0    0    0    0 
  1   101 +0.151 +0.055 +0.015 +0.006 0.180 0.851 |    0    0    0    0   10    0    0    1    0    0    1    0    0    0    0   86    0    0    2    0    1    0    0    0    0 
  2   149 +0.140 +0.042 +0.020 +0.008 0.302 0.604 |   38    0    0    0    0   90    0    0    0    0    0    0    0    0    0    0    2    0    0   19    0    0    0    0    0 
  3   155 +0.122 +0.028 +0.022 +0.008 0.073 0.955 |    0    1    1    0    0    0    0    0    0    0  148    1    0    0    0    0    0    0    0    0    0    0    0    0    4 
  4   129 +0.117 +0.029 +0.024 +0.009 0.305 0.744 |    0   96    3   13    0    0    0    3    0    0    0    0    3    0    5    0    0    6    0    0    0    0    0    0    0 
  5   139 +0.073 +0.028 +0.021 +0.008 0.652 0.273 |    0   13   23    0   18    0    0    0    0    4   38    1    0    0    6    0    0   19    5    2    1    0    1    0    8 
  6   208 +0.063 +0.020 +0.021 +0.007 0.386 0.721 |    0  150    1    3    0    1    3    6   10    2    3    0    1    1    7    0    0    5    0    1    0   13    1    0    0 
  7   223 +0.062 +0.019 +0.023 +0.008 0.709 0.363 |    9   81   30    3    3    5    2    3    7    7    0    0   10    4   25    0    8    9    7    6    2    0    2    0    0 
  8   200 +0.053 +0.019 +0.014 +0.005 0.468 0.585 |    0   14    1    0    5    0    1  117    0    7   32    0    1    0    7    1    7    2    2    1    2    0    0    0    0 
  9   240 +0.048 +0.017 +0.019 +0.008 0.609 0.446 |    1    2    1    0    1    3    2    7    0    0  107   25    0   26    0    0    1    1   15    3    4    0   14   20    7 
---------------------------------------------------------------------------------------------------------------------------------------------------------------------------------

Timing Information -----------------------------------------------------------
   I/O:                                   0.026 sec
   Clustering:                            0.540 sec
   Reporting:                             0.004 sec
********************************************************************************
********************************************************************************
vcluster (CLUTO 2.1.1) Copyright 2001-03, Regents of the University of Minnesota

Matrix Information -----------------------------------------------------------
  Name: re1.mat, #Rows: 1657, #Columns: 3758, #NonZeros: 87328

Options ----------------------------------------------------------------------
  CLMethod=Direct, CRfun=I2, SimFun=CorrCoef, #Clusters: 10
  RowModel=None, ColModel=None, GrModel=SY-DIR, NNbrs=40
  Colprune=1.00, EdgePrune=-1.00, VtxPrune=-1.00, MinComponent=5
  CSType=Best, AggloFrom=0, AggloCRFun=I2, NTrials=10, NIter=10

Solution ---------------------------------------------------------------------

---------------------------------------------------------------------------------------------------------------------------------------------------------------------------------
10-way clustering: [I2=6.70e+02] [1657 of 1657], Entropy: 0.469, Purity: 0.599
---------------------------------------------------------------------------------------------------------------------------------------------------------------------------------
cid  Size  ISim  ISdev   ESim  ESdev  Entpy Purty | coco grai  veg whea copp coff suga ship cott carc crud  nat meal alum oils gold  tin live iron rubb zinc oran  pet  dlr  gas 
---------------------------------------------------------------------------------------------------------------------------------------------------------------------------------
  0    93 +0.268 +0.083 +0.046 +0.021 0.074 0.957 |    1    0    0    0    0   89    1    0    1    0    0    0    0    0    0    0    0    0    0    0    0    0    1    0    0 
  1   113 +0.225 +0.062 +0.048 +0.021 0.608 0.513 |    1    6    0    0   12    1    1    2    1    0   58    4    1    4    0    2    1    2    5    3    2    3    4    0    0 
  2    96 +0.197 +0.076 +0.030 +0.018 0.259 0.792 |    0    0    0    0    9    0    0    3    0    0    2    0    0    2    0   76    0    0    3    0    1    0    0    0    0 
  3   109 +0.216 +0.066 +0.052 +0.022 0.232 0.826 |    0    8    0    0    0    0   90    0    0    2    1    0    0    0    0    0    0    2    4    0    1    0    0    0    1 
  4   226 +0.213 +0.062 +0.054 +0.016 0.600 0.518 |    6  117   18   11    3    3    3    6    1    3    0    0    8   11   20    1    6    3    1    2    1    0    1    0    1 
  5   205 +0.214 +0.073 +0.061 +0.022 0.774 0.283 |    3   58    6    2    4    3    8   13    4    4   40    6    5    1    7    2    1   11   11    0    2    1    6    0    7 
  6   275 +0.160 +0.052 +0.045 +0.020 0.305 0.731 |    0    1   34    0    0    0    0    5    0    0  201   16    0    0    7    0    0    0    0    0    0    0    1    0   10 
  7   119 +0.125 +0.061 +0.032 +0.019 0.679 0.311 |   37    5    0    0    4    3    1    2    2    1    2    1    0    3    0    1    5    6    0   23    1    1    1   20    0 
  8   188 +0.080 +0.029 +0.024 +0.012 0.544 0.532 |    0   10    1    0    4    0    0  100    0    7   26    0    0   10    6    5    5    1    6    2    1    0    4    0    0 
  9   233 +0.092 +0.030 +0.039 +0.019 0.386 0.712 |    0  166    1    6    1    0    2    6    8    3    0    0    1    0   10    0    0   17    1    2    1    8    0    0    0 
---------------------------------------------------------------------------------------------------------------------------------------------------------------------------------

Timing Information -----------------------------------------------------------
   I/O:                                   0.026 sec
   Clustering:                           16.013 sec
   Reporting:                             0.127 sec
********************************************************************************
********************************************************************************
vcluster (CLUTO 2.1.1) Copyright 2001-03, Regents of the University of Minnesota

Matrix Information -----------------------------------------------------------
  Name: re1.mat, #Rows: 1657, #Columns: 3758, #NonZeros: 87328

Options ----------------------------------------------------------------------
  CLMethod=Direct, CRfun=H1, SimFun=CorrCoef, #Clusters: 10
  RowModel=None, ColModel=None, GrModel=SY-DIR, NNbrs=40
  Colprune=1.00, EdgePrune=-1.00, VtxPrune=-1.00, MinComponent=5
  CSType=Best, AggloFrom=0, AggloCRFun=H1, NTrials=10, NIter=10

Solution ---------------------------------------------------------------------

---------------------------------------------------------------------------------------------------------------------------------------------------------------------------------
10-way clustering: [H1=7.34e-04] [1657 of 1657], Entropy: 0.495, Purity: 0.576
---------------------------------------------------------------------------------------------------------------------------------------------------------------------------------
cid  Size  ISim  ISdev   ESim  ESdev  Entpy Purty | coco grai  veg whea copp coff suga ship cott carc crud  nat meal alum oils gold  tin live iron rubb zinc oran  pet  dlr  gas 
---------------------------------------------------------------------------------------------------------------------------------------------------------------------------------
  0    85 +0.304 +0.071 +0.049 +0.019 0.040 0.976 |    1    0    0    0    0   83    0    0    1    0    0    0    0    0    0    0    0    0    0    0    0    0    0    0    0 
  1   170 +0.270 +0.066 +0.068 +0.021 0.730 0.324 |    3   55    6    2    4    1   11    9    4    3   35    2    6    1    4    0    1    5    8    0    2    1    3    0    4 
  2   216 +0.227 +0.058 +0.055 +0.015 0.610 0.505 |    6  109   17   10    2    4    9    5    1    3    0    0    6    9   20    1    5    4    0    2    1    0    1    0    1 
  3   132 +0.213 +0.051 +0.051 +0.020 0.661 0.439 |    0   13    0    0   11    1    1    1    1    1   58    6    2    4    1    4    1    2    6   10    2    3    4    0    0 
  4   223 +0.196 +0.050 +0.049 +0.019 0.201 0.843 |    0    1   20    0    0    0    0    2    0    0  188    5    0    0    1    0    0    0    0    0    0    0    1    0    5 
  5   127 +0.184 +0.053 +0.051 +0.020 0.433 0.614 |    0   14   14    0    0    0   78    0    0    2    1    0    0    0    6    0    0    4    4    0    1    0    1    0    2 
  6   154 +0.113 +0.054 +0.030 +0.016 0.563 0.519 |    0    0    0    0    9    2    0    5    0    0   14   11    0    8    2   80    0    1    8    2    2    0    5    0    5 
  7   134 +0.099 +0.051 +0.030 +0.017 0.743 0.284 |   38   10    0    0    5    7    2    2    2    1    2    2    0    5    0    1    6    9    0   16    1    3    1   20    1 
  8   220 +0.091 +0.028 +0.038 +0.017 0.398 0.709 |    0  156    2    7    0    1    4    4    8    3    0    0    1    0    9    0    0   15    1    1    0    6    1    0    1 
  9   196 +0.074 +0.030 +0.024 +0.013 0.508 0.556 |    0   13    1    0    6    0    1  109    0    7   32    1    0    4    7    1    5    2    4    1    1    0    1    0    0 
---------------------------------------------------------------------------------------------------------------------------------------------------------------------------------

Timing Information -----------------------------------------------------------
   I/O:                                   0.026 sec
   Clustering:                           21.009 sec
   Reporting:                             0.131 sec
********************************************************************************
********************************************************************************
vcluster (CLUTO 2.1.1) Copyright 2001-03, Regents of the University of Minnesota

Matrix Information -----------------------------------------------------------
  Name: re1.mat, #Rows: 1657, #Columns: 3758, #NonZeros: 87328

Options ----------------------------------------------------------------------
  CLMethod=AGGLO, CRfun=I2, SimFun=Cosine, #Clusters: 10
  RowModel=None, ColModel=IDF, GrModel=SY-DIR, NNbrs=40
  Colprune=1.00, EdgePrune=-1.00, VtxPrune=-1.00, MinComponent=5
  CSType=Best, AggloFrom=0, AggloCRFun=I2, NTrials=10, NIter=10

Solution ---------------------------------------------------------------------

---------------------------------------------------------------------------------------------------------------------------------------------------------------------------------
10-way clustering: [I2=4.64e+02] [1657 of 1657], Entropy: 0.470, Purity: 0.552
---------------------------------------------------------------------------------------------------------------------------------------------------------------------------------
cid  Size  ISim  ISdev   ESim  ESdev  Entpy Purty | coco grai  veg whea copp coff suga ship cott carc crud  nat meal alum oils gold  tin live iron rubb zinc oran  pet  dlr  gas 
---------------------------------------------------------------------------------------------------------------------------------------------------------------------------------
  0   204 +0.049 +0.018 +0.016 +0.006 0.482 0.490 |    0   27    2    0    3    0    2  100    0    7   47    0    2    0    6    0    0    2    0    0    1    0    3    0    2 
  1   276 +0.039 +0.013 +0.022 +0.009 0.871 0.105 |    3   23   29    0    2    9    7   18    1    8   18    0    5   23   16   10    0   28   27    3    7   13    8   18    0 
  2   155 +0.074 +0.038 +0.019 +0.008 0.697 0.232 |   36   10    4    0   27    7    5    4    2    1    5    1    0    0    1    7   17    0    0   27    1    0    0    0    0 
  3   392 +0.055 +0.020 +0.021 +0.008 0.457 0.673 |    5  264    9   19    4    6    3   12   14    3    4    0    8    0   21    0    0   11    2    2    1    0    0    2    2 
  4    64 +0.234 +0.054 +0.017 +0.007 0.000 1.000 |    0    0    0    0    0    0    0    0    0    0    0    0    0    0    0   64    0    0    0    0    0    0    0    0    0 
  5   120 +0.152 +0.045 +0.025 +0.008 0.200 0.742 |    0   29    0    0    0    0   89    0    0    0    1    0    0    0    1    0    0    0    0    0    0    0    0    0    0 
  6    82 +0.203 +0.060 +0.023 +0.008 0.081 0.939 |    4    1    0    0    0   77    0    0    0    0    0    0    0    0    0    0    0    0    0    0    0    0    0    0    0 
  7   180 +0.070 +0.025 +0.022 +0.008 0.459 0.600 |    0    7   16    0    1    0    0    2    0    1  108   25    0    1    5    6    1    1    1    0    0    0    2    0    3 
  8    78 +0.151 +0.060 +0.019 +0.008 0.279 0.705 |    0   10    0    0    0    0    0    1    0    0   55    1    0    0    0    0    0    0    0    0    0    0    0    0   11 
  9   106 +0.129 +0.048 +0.025 +0.008 0.166 0.868 |    0    0    0    0    0    0    0    0    0    0   92    0    0    7    0    0    0    0    1    0    0    0    5    0    1 
---------------------------------------------------------------------------------------------------------------------------------------------------------------------------------

Timing Information -----------------------------------------------------------
   I/O:                                   0.030 sec
   Clustering:                            0.565 sec
   Reporting:                             0.004 sec
********************************************************************************
********************************************************************************
vcluster (CLUTO 2.1.1) Copyright 2001-03, Regents of the University of Minnesota

Matrix Information -----------------------------------------------------------
  Name: re1.mat, #Rows: 1657, #Columns: 3758, #NonZeros: 87328

Options ----------------------------------------------------------------------
  CLMethod=AGGLO, CRfun=H1, SimFun=Cosine, #Clusters: 10
  RowModel=None, ColModel=IDF, GrModel=SY-DIR, NNbrs=40
  Colprune=1.00, EdgePrune=-1.00, VtxPrune=-1.00, MinComponent=5
  CSType=Best, AggloFrom=0, AggloCRFun=H1, NTrials=10, NIter=10

Solution ---------------------------------------------------------------------

---------------------------------------------------------------------------------------------------------------------------------------------------------------------------------
10-way clustering: [H1=5.10e-04] [1657 of 1657], Entropy: 0.489, Purity: 0.531
---------------------------------------------------------------------------------------------------------------------------------------------------------------------------------
cid  Size  ISim  ISdev   ESim  ESdev  Entpy Purty | coco grai  veg whea copp coff suga ship cott carc crud  nat meal alum oils gold  tin live iron rubb zinc oran  pet  dlr  gas 
---------------------------------------------------------------------------------------------------------------------------------------------------------------------------------
  0   199 +0.070 +0.027 +0.020 +0.008 0.335 0.698 |    0   15    1    0    0    0    0    5    0    0  139   27    0    0    0    4    0    0    1    0    0    0    2    0    5 
  1   378 +0.033 +0.011 +0.020 +0.009 0.771 0.217 |    2   53   18    1    3   15    6   70    2   11   82    0    5    3    5    5    5   25    3   27    0   13    2   18    4 
  2    70 +0.235 +0.057 +0.024 +0.008 0.023 0.986 |    1    0    0    0    0   69    0    0    0    0    0    0    0    0    0    0    0    0    0    0    0    0    0    0    0 
  3    71 +0.208 +0.058 +0.017 +0.006 0.023 0.986 |    0    1    0    0    0    0    0    0    0    0    0    0    0    0    0   70    0    0    0    0    0    0    0    0    0 
  4   111 +0.159 +0.049 +0.025 +0.009 0.211 0.793 |    0   18    0    1    0    0   88    0    0    0    1    0    1    0    2    0    0    0    0    0    0    0    0    0    0 
  5   235 +0.046 +0.014 +0.018 +0.007 0.758 0.196 |    0    7    1    0   32    1    0   46    0    7   27    0    0   28    7    7   12    2   24    2   10    0   14    0    8 
  6    38 +0.382 +0.122 +0.022 +0.009 0.113 0.921 |   35    0    0    0    0    1    0    0    0    0    1    0    0    0    0    0    1    0    0    0    0    0    0    0    0 
  7    76 +0.193 +0.046 +0.027 +0.008 0.043 0.974 |    0    0    0    0    0    0    0    1    0    0   74    0    0    0    0    0    0    0    0    0    0    0    0    0    1 
  8   191 +0.090 +0.028 +0.024 +0.008 0.375 0.712 |    4  136    7   16    0    0    2    3    0    2    1    0    4    0    5    0    0    9    0    0    0    0    0    2    0 
  9   288 +0.048 +0.016 +0.023 +0.008 0.581 0.490 |    6  141   33    1    2   13   10   12   15    0    5    0    5    0   31    1    0    6    3    3    0    0    0    0    1 
---------------------------------------------------------------------------------------------------------------------------------------------------------------------------------

Timing Information -----------------------------------------------------------
   I/O:                                   0.030 sec
   Clustering:                           54.743 sec
   Reporting:                             0.004 sec
********************************************************************************
********************************************************************************
vcluster (CLUTO 2.1.1) Copyright 2001-03, Regents of the University of Minnesota

Matrix Information -----------------------------------------------------------
  Name: re1.mat, #Rows: 1657, #Columns: 3758, #NonZeros: 87328

Options ----------------------------------------------------------------------
  CLMethod=AGGLO, CRfun=I2, SimFun=CorrCoef, #Clusters: 10
  RowModel=None, ColModel=None, GrModel=SY-DIR, NNbrs=40
  Colprune=1.00, EdgePrune=-1.00, VtxPrune=-1.00, MinComponent=5
  CSType=Best, AggloFrom=0, AggloCRFun=I2, NTrials=10, NIter=10

Solution ---------------------------------------------------------------------

---------------------------------------------------------------------------------------------------------------------------------------------------------------------------------
10-way clustering: [I2=6.33e+02] [1657 of 1657], Entropy: 0.480, Purity: 0.591
---------------------------------------------------------------------------------------------------------------------------------------------------------------------------------
cid  Size  ISim  ISdev   ESim  ESdev  Entpy Purty | coco grai  veg whea copp coff suga ship cott carc crud  nat meal alum oils gold  tin live iron rubb zinc oran  pet  dlr  gas 
---------------------------------------------------------------------------------------------------------------------------------------------------------------------------------
  0   193 +0.078 +0.028 +0.026 +0.015 0.511 0.554 |    0    4    2    0   14    0    1  107    0    7   30    0    0    0    6    7    5    2    2    3    1    0    1    0    1 
  1    85 +0.222 +0.071 +0.043 +0.019 0.464 0.424 |    0    0    0    0   10    1    0    0    0    0   36    0    0    2    0    0    0    0    4   26    2    0    4    0    0 
  2   235 +0.151 +0.060 +0.049 +0.020 0.273 0.813 |    0    5    3    0    0    3    0    3    0    0  191    1    0    2    0    1    0    0    9    1    0    0    5    0   11 
  3   315 +0.067 +0.026 +0.039 +0.022 0.576 0.565 |    1  178    5    4    7    8    7   10   14    4   10    0    2    0   11    2    0   17    1    1    3   10    1   19    0 
  4   269 +0.114 +0.047 +0.053 +0.022 0.731 0.305 |    3   35   41    1    3    1   82    6    0    6    5    3    2   18   21    4    7   13    8    0    1    3    2    1    3 
  5    71 +0.275 +0.066 +0.033 +0.020 0.000 1.000 |    0    0    0    0    0    0    0    0    0    0    0    0    0    0    0   71    0    0    0    0    0    0    0    0    0 
  6   258 +0.198 +0.063 +0.059 +0.019 0.589 0.550 |    8  142    7   14    1    5   16    8    2    3    1    0   11    9   11    2    4    7    4    1    1    0    1    0    0 
  7   113 +0.218 +0.081 +0.060 +0.022 0.530 0.504 |    0    7    2    0    2    0    0    3    1    0   57   23    0    0    1    0    1    3    3    0    2    0    4    0    4 
  8    36 +0.450 +0.105 +0.036 +0.020 0.039 0.972 |   35    0    0    0    0    0    0    0    0    0    0    0    0    0    0    0    1    0    0    0    0    0    0    0    0 
  9    82 +0.317 +0.067 +0.050 +0.019 0.020 0.988 |    1    0    0    0    0   81    0    0    0    0    0    0    0    0    0    0    0    0    0    0    0    0    0    0    0 
---------------------------------------------------------------------------------------------------------------------------------------------------------------------------------

Timing Information -----------------------------------------------------------
   I/O:                                   0.030 sec
   Clustering:                           31.951 sec
   Reporting:                             0.129 sec
********************************************************************************
********************************************************************************
vcluster (CLUTO 2.1.1) Copyright 2001-03, Regents of the University of Minnesota

Matrix Information -----------------------------------------------------------
  Name: re1.mat, #Rows: 1657, #Columns: 3758, #NonZeros: 87328

Options ----------------------------------------------------------------------
  CLMethod=AGGLO, CRfun=H1, SimFun=CorrCoef, #Clusters: 10
  RowModel=None, ColModel=None, GrModel=SY-DIR, NNbrs=40
  Colprune=1.00, EdgePrune=-1.00, VtxPrune=-1.00, MinComponent=5
  CSType=Best, AggloFrom=0, AggloCRFun=H1, NTrials=10, NIter=10

Solution ---------------------------------------------------------------------

---------------------------------------------------------------------------------------------------------------------------------------------------------------------------------
10-way clustering: [H1=6.09e-04] [1657 of 1657], Entropy: 0.497, Purity: 0.555
---------------------------------------------------------------------------------------------------------------------------------------------------------------------------------
cid  Size  ISim  ISdev   ESim  ESdev  Entpy Purty | coco grai  veg whea copp coff suga ship cott carc crud  nat meal alum oils gold  tin live iron rubb zinc oran  pet  dlr  gas 
---------------------------------------------------------------------------------------------------------------------------------------------------------------------------------
  0   123 +0.192 +0.057 +0.052 +0.016 0.485 0.480 |    0   26   17    0    0    0   59    0    0    2    3    0    0    0    6    0    0    1    4    0    1    0    0    0    4 
  1   299 +0.066 +0.023 +0.041 +0.023 0.634 0.488 |    4  146    5    2    0    4    4   10   14    5    6    0    3    3   19    1    0   28    8    3    3   10    1   20    0 
  2   134 +0.217 +0.056 +0.044 +0.021 0.298 0.597 |   36    0    0    0    0   80    0    0    0    0    0    0    0    0    0    0    1    0    0   17    0    0    0    0    0 
  3   245 +0.063 +0.024 +0.029 +0.017 0.626 0.449 |    0    8    2    0   16    1    5  110    0    8   38    0    0    3    7    9    8    3   12    1    1    0    9    0    4 
  4    85 +0.254 +0.069 +0.046 +0.019 0.610 0.471 |    0    6    1    0   10    1    0    0    1    0   40    3    0    2    0    4    1    0    4    3    2    3    4    0    0 
  5   169 +0.262 +0.061 +0.072 +0.018 0.636 0.426 |    6   72    4    3    2    4   33    3    2    5    0    0    7    3   10    2    7    1    3    1    0    0    1    0    0 
  6    71 +0.271 +0.070 +0.031 +0.018 0.000 1.000 |    0    0    0    0    0    0    0    0    0    0    0    0    0    0    0   71    0    0    0    0    0    0    0    0    0 
  7   175 +0.135 +0.057 +0.052 +0.023 0.509 0.594 |    2  104    6   14    4    8    1   11    0    0    6    0    5    0    5    0    1    5    0    0    1    0    2    0    0 
  8   203 +0.183 +0.058 +0.053 +0.019 0.242 0.808 |    0    5   22    0    1    1    0    2    0    0  164    0    0    0    2    0    0    1    0    0    0    0    1    0    4 
  9   153 +0.142 +0.068 +0.055 +0.025 0.545 0.477 |    0    4    3    0    4    0    4    1    0    0   73   24    0   20    1    0    0    3    0    7    2    0    0    0    7 
---------------------------------------------------------------------------------------------------------------------------------------------------------------------------------

Timing Information -----------------------------------------------------------
   I/O:                                   0.029 sec
   Clustering:                           89.323 sec
   Reporting:                             0.130 sec
********************************************************************************
