********************************************************************************
vcluster (CLUTO 2.1.1) Copyright 2001-03, Regents of the University of Minnesota

Matrix Information -----------------------------------------------------------
  Name: re0.mat, #Rows: 1504, #Columns: 2886, #NonZeros: 77808

Options ----------------------------------------------------------------------
  CLMethod=Direct, CRfun=I2, SimFun=Cosine, #Clusters: 10
  RowModel=None, ColModel=IDF, GrModel=SY-DIR, NNbrs=40
  Colprune=1.00, EdgePrune=-1.00, VtxPrune=-1.00, MinComponent=5
  CSType=Best, AggloFrom=0, AggloCRFun=I2, NTrials=10, NIter=10

Solution ---------------------------------------------------------------------

---------------------------------------------------------------------------------------------------------------------
10-way clustering: [I2=5.73e+02] [1504 of 1504], Entropy: 0.382, Purity: 0.658
---------------------------------------------------------------------------------------------------------------------
cid  Size  ISim  ISdev   ESim  ESdev  Entpy Purty | hous mone trad rese  cpi inte  gnp reta  ipi jobs  lei  bop  wpi 
---------------------------------------------------------------------------------------------------------------------
  0   117 +0.458 +0.128 +0.033 +0.008 0.160 0.906 |    0  106    5    0    0    4    0    0    0    0    0    2    0 
  1   111 +0.281 +0.102 +0.032 +0.011 0.256 0.757 |    0   84    1    0    2   24    0    0    0    0    0    0    0 
  2    71 +0.175 +0.057 +0.038 +0.016 0.387 0.676 |    0   48    1    5    0   14    2    0    0    0    0    1    0 
  3   133 +0.160 +0.049 +0.033 +0.015 0.102 0.940 |    0  125    2    0    0    6    0    0    0    0    0    0    0 
  4   171 +0.152 +0.046 +0.043 +0.011 0.586 0.310 |    1   53   49   30    0    5    1    0    0    0    0   32    0 
  5   197 +0.138 +0.043 +0.031 +0.010 0.825 0.259 |   13   27    2    2   51    2    3   19   25   28   10    0   15 
  6   183 +0.100 +0.029 +0.031 +0.015 0.230 0.770 |    0   40    1    1    0  141    0    0    0    0    0    0    0 
  7   143 +0.100 +0.028 +0.039 +0.012 0.663 0.497 |    1   14   17    1    6    7   71    1   12   10    1    2    0 
  8   224 +0.084 +0.025 +0.026 +0.009 0.115 0.938 |    1   10  210    1    0    0    0    0    0    1    0    1    0 
  9   154 +0.081 +0.026 +0.032 +0.012 0.390 0.656 |    0  101   31    2    1   16    3    0    0    0    0    0    0 
---------------------------------------------------------------------------------------------------------------------

Timing Information -----------------------------------------------------------
   I/O:                                   0.026 sec
   Clustering:                            0.272 sec
   Reporting:                             0.003 sec
********************************************************************************
********************************************************************************
vcluster (CLUTO 2.1.1) Copyright 2001-03, Regents of the University of Minnesota

Matrix Information -----------------------------------------------------------
  Name: re0.mat, #Rows: 1504, #Columns: 2886, #NonZeros: 77808

Options ----------------------------------------------------------------------
  CLMethod=Direct, CRfun=H1, SimFun=Cosine, #Clusters: 10
  RowModel=None, ColModel=IDF, GrModel=SY-DIR, NNbrs=40
  Colprune=1.00, EdgePrune=-1.00, VtxPrune=-1.00, MinComponent=5
  CSType=Best, AggloFrom=0, AggloCRFun=H1, NTrials=10, NIter=10

Solution ---------------------------------------------------------------------

---------------------------------------------------------------------------------------------------------------------
10-way clustering: [H1=8.75e-04] [1504 of 1504], Entropy: 0.377, Purity: 0.656
---------------------------------------------------------------------------------------------------------------------
cid  Size  ISim  ISdev   ESim  ESdev  Entpy Purty | hous mone trad rese  cpi inte  gnp reta  ipi jobs  lei  bop  wpi 
---------------------------------------------------------------------------------------------------------------------
  0    57 +0.548 +0.095 +0.036 +0.007 0.248 0.667 |    0   38    0    0    0   19    0    0    0    0    0    0    0 
  1   107 +0.516 +0.099 +0.034 +0.007 0.077 0.963 |    0  103    1    0    0    2    0    0    0    0    0    1    0 
  2    83 +0.201 +0.063 +0.037 +0.013 0.433 0.747 |    1   62    3    1    1    1    0    2    1    6    1    3    1 
  3   157 +0.166 +0.046 +0.044 +0.012 0.575 0.331 |    1   36   52   34    0    2    1    0    0    0    0   31    0 
  4   190 +0.146 +0.043 +0.032 +0.009 0.814 0.263 |   12   28    1    2   50    2    3   16   30   23    9    0   14 
  5   204 +0.112 +0.042 +0.031 +0.013 0.127 0.926 |    0  189    5    1    0    9    0    0    0    0    0    0    0 
  6   136 +0.107 +0.041 +0.028 +0.015 0.197 0.831 |    0   21    2    0    0  113    0    0    0    0    0    0    0 
  7   143 +0.099 +0.026 +0.038 +0.013 0.329 0.559 |    0   80    2    1    0   58    2    0    0    0    0    0    0 
  8   254 +0.078 +0.024 +0.026 +0.010 0.183 0.886 |    1   21  225    2    0    3    0    0    0    1    0    1    0 
  9   173 +0.085 +0.024 +0.037 +0.013 0.680 0.428 |    1   30   28    1    9   10   74    2    6    9    1    2    0 
---------------------------------------------------------------------------------------------------------------------

Timing Information -----------------------------------------------------------
   I/O:                                   0.023 sec
   Clustering:                            0.419 sec
   Reporting:                             0.004 sec
********************************************************************************
********************************************************************************
vcluster (CLUTO 2.1.1) Copyright 2001-03, Regents of the University of Minnesota

Matrix Information -----------------------------------------------------------
  Name: re0.mat, #Rows: 1504, #Columns: 2886, #NonZeros: 77808

Options ----------------------------------------------------------------------
  CLMethod=Direct, CRfun=I2, SimFun=CorrCoef, #Clusters: 10
  RowModel=None, ColModel=None, GrModel=SY-DIR, NNbrs=40
  Colprune=1.00, EdgePrune=-1.00, VtxPrune=-1.00, MinComponent=5
  CSType=Best, AggloFrom=0, AggloCRFun=I2, NTrials=10, NIter=10

Solution ---------------------------------------------------------------------

---------------------------------------------------------------------------------------------------------------------
10-way clustering: [I2=8.38e+02] [1504 of 1504], Entropy: 0.383, Purity: 0.660
---------------------------------------------------------------------------------------------------------------------
cid  Size  ISim  ISdev   ESim  ESdev  Entpy Purty | hous mone trad rese  cpi inte  gnp reta  ipi jobs  lei  bop  wpi 
---------------------------------------------------------------------------------------------------------------------
  0   112 +0.609 +0.122 +0.098 +0.028 0.114 0.938 |    0  105    4    0    0    1    0    0    0    0    0    2    0 
  1    66 +0.485 +0.140 +0.081 +0.030 0.336 0.636 |    0   42    2    0    2   20    0    0    0    0    0    0    0 
  2   220 +0.370 +0.086 +0.095 +0.026 0.833 0.232 |   13   37    1    0   51    5   12   18   32   26   10    0   15 
  3    97 +0.331 +0.098 +0.090 +0.034 0.411 0.711 |    0   69   12    4    0    2    2    0    0    4    0    4    0 
  4   186 +0.330 +0.081 +0.096 +0.029 0.625 0.306 |    2   50   57   34    0    8    3    0    0    1    0   31    0 
  5   207 +0.329 +0.083 +0.110 +0.033 0.232 0.763 |    0   47    0    1    0  158    1    0    0    0    0    0    0 
  6   138 +0.268 +0.086 +0.083 +0.033 0.193 0.870 |    0  120    6    1    0   11    0    0    0    0    0    0    0 
  7   231 +0.200 +0.052 +0.052 +0.028 0.100 0.935 |    0   14  216    0    0    1    0    0    0    0    0    0    0 
  8   114 +0.263 +0.075 +0.118 +0.038 0.648 0.535 |    1   11    9    1    6    8   61    2    5    8    1    1    0 
  9   133 +0.179 +0.059 +0.068 +0.032 0.230 0.850 |    0  113   12    1    1    5    1    0    0    0    0    0    0 
---------------------------------------------------------------------------------------------------------------------

Timing Information -----------------------------------------------------------
   I/O:                                   0.024 sec
   Clustering:                            9.560 sec
   Reporting:                             0.089 sec
********************************************************************************
********************************************************************************
vcluster (CLUTO 2.1.1) Copyright 2001-03, Regents of the University of Minnesota

Matrix Information -----------------------------------------------------------
  Name: re0.mat, #Rows: 1504, #Columns: 2886, #NonZeros: 77808

Options ----------------------------------------------------------------------
  CLMethod=Direct, CRfun=H1, SimFun=CorrCoef, #Clusters: 10
  RowModel=None, ColModel=None, GrModel=SY-DIR, NNbrs=40
  Colprune=1.00, EdgePrune=-1.00, VtxPrune=-1.00, MinComponent=5
  CSType=Best, AggloFrom=0, AggloCRFun=H1, NTrials=10, NIter=10

Solution ---------------------------------------------------------------------

---------------------------------------------------------------------------------------------------------------------
10-way clustering: [H1=1.06e-03] [1504 of 1504], Entropy: 0.412, Purity: 0.631
---------------------------------------------------------------------------------------------------------------------
cid  Size  ISim  ISdev   ESim  ESdev  Entpy Purty | hous mone trad rese  cpi inte  gnp reta  ipi jobs  lei  bop  wpi 
---------------------------------------------------------------------------------------------------------------------
  0   103 +0.667 +0.082 +0.101 +0.027 0.043 0.981 |    0  101    1    0    0    1    0    0    0    0    0    0    0 
  1    63 +0.545 +0.105 +0.091 +0.032 0.239 0.698 |    0   44    0    0    0   19    0    0    0    0    0    0    0 
  2   292 +0.337 +0.083 +0.088 +0.027 0.849 0.202 |   12   43    7    0   55    6   59   19   35   29   11    1   15 
  3   179 +0.343 +0.076 +0.099 +0.028 0.635 0.285 |    1   48   51   35    0    7    6    0    0    1    0   30    0 
  4   197 +0.356 +0.070 +0.116 +0.029 0.281 0.761 |    2   39    1    0    1  150    2    0    0    2    0    0    0 
  5   101 +0.315 +0.094 +0.089 +0.031 0.483 0.653 |    0   66   12    4    0    3    2    1    0    6    0    7    0 
  6   103 +0.267 +0.067 +0.069 +0.028 0.225 0.835 |    0   13   86    0    1    0    2    0    0    1    0    0    0 
  7   129 +0.286 +0.083 +0.089 +0.030 0.237 0.837 |    0  108    5    2    0   13    1    0    0    0    0    0    0 
  8   164 +0.187 +0.056 +0.056 +0.027 0.153 0.909 |    1   11  149    0    0    1    1    0    1    0    0    0    0 
  9   173 +0.141 +0.053 +0.065 +0.031 0.322 0.780 |    0  135    7    1    3   19    7    0    1    0    0    0    0 
---------------------------------------------------------------------------------------------------------------------

Timing Information -----------------------------------------------------------
   I/O:                                   0.023 sec
   Clustering:                           11.879 sec
   Reporting:                             0.090 sec
********************************************************************************
********************************************************************************
vcluster (CLUTO 2.1.1) Copyright 2001-03, Regents of the University of Minnesota

Matrix Information -----------------------------------------------------------
  Name: re0.mat, #Rows: 1504, #Columns: 2886, #NonZeros: 77808

Options ----------------------------------------------------------------------
  CLMethod=AGGLO, CRfun=I2, SimFun=Cosine, #Clusters: 10
  RowModel=None, ColModel=IDF, GrModel=SY-DIR, NNbrs=40
  Colprune=1.00, EdgePrune=-1.00, VtxPrune=-1.00, MinComponent=5
  CSType=Best, AggloFrom=0, AggloCRFun=I2, NTrials=10, NIter=10

Solution ---------------------------------------------------------------------

---------------------------------------------------------------------------------------------------------------------
10-way clustering: [I2=5.47e+02] [1504 of 1504], Entropy: 0.481, Purity: 0.548
---------------------------------------------------------------------------------------------------------------------
cid  Size  ISim  ISdev   ESim  ESdev  Entpy Purty | hous mone trad rese  cpi inte  gnp reta  ipi jobs  lei  bop  wpi 
---------------------------------------------------------------------------------------------------------------------
  0   104 +0.512 +0.115 +0.034 +0.005 0.037 0.981 |    0  102    0    0    0    2    0    0    0    0    0    0    0 
  1   255 +0.060 +0.021 +0.033 +0.013 0.532 0.447 |    0  114   87    3    3   28   12    1    2    4    1    0    0 
  2   317 +0.093 +0.034 +0.034 +0.013 0.908 0.177 |   14   49   19    5   53   15   56   16   28   32    7    9   14 
  3   214 +0.081 +0.027 +0.033 +0.015 0.337 0.631 |    0   68    3    1    0  135    6    0    0    0    0    1    0 
  4    57 +0.548 +0.095 +0.036 +0.007 0.248 0.667 |    0   38    0    0    0   19    0    0    0    0    0    0    0 
  5    96 +0.199 +0.045 +0.034 +0.015 0.091 0.938 |    0   90    0    0    0    6    0    0    0    0    0    0    0 
  6    82 +0.194 +0.058 +0.038 +0.014 0.567 0.646 |    1   53    4    3    3    2    0    3    2    2    2    6    1 
  7   176 +0.091 +0.029 +0.027 +0.010 0.221 0.858 |    0   17  151    0    1    0    2    0    3    1    1    0    0 
  8    74 +0.168 +0.036 +0.043 +0.013 0.568 0.500 |    0   37    7   11    0   10    3    0    0    0    0    6    0 
  9   129 +0.136 +0.052 +0.045 +0.015 0.576 0.372 |    1   40   48   19    0    2    1    0    2    0    0   16    0 
---------------------------------------------------------------------------------------------------------------------

Timing Information -----------------------------------------------------------
   I/O:                                   0.026 sec
   Clustering:                            0.461 sec
   Reporting:                             0.004 sec
********************************************************************************
********************************************************************************
vcluster (CLUTO 2.1.1) Copyright 2001-03, Regents of the University of Minnesota

Matrix Information -----------------------------------------------------------
  Name: re0.mat, #Rows: 1504, #Columns: 2886, #NonZeros: 77808

Options ----------------------------------------------------------------------
  CLMethod=AGGLO, CRfun=H1, SimFun=Cosine, #Clusters: 10
  RowModel=None, ColModel=IDF, GrModel=SY-DIR, NNbrs=40
  Colprune=1.00, EdgePrune=-1.00, VtxPrune=-1.00, MinComponent=5
  CSType=Best, AggloFrom=0, AggloCRFun=H1, NTrials=10, NIter=10

Solution ---------------------------------------------------------------------

---------------------------------------------------------------------------------------------------------------------
10-way clustering: [H1=7.79e-04] [1504 of 1504], Entropy: 0.470, Purity: 0.578
---------------------------------------------------------------------------------------------------------------------
cid  Size  ISim  ISdev   ESim  ESdev  Entpy Purty | hous mone trad rese  cpi inte  gnp reta  ipi jobs  lei  bop  wpi 
---------------------------------------------------------------------------------------------------------------------
  0    99 +0.550 +0.086 +0.035 +0.005 0.000 1.000 |    0   99    0    0    0    0    0    0    0    0    0    0    0 
  1   233 +0.068 +0.020 +0.038 +0.012 0.707 0.356 |    1   35   83   11   10   20   54    2    7    3    0    7    0 
  2    51 +0.595 +0.080 +0.036 +0.006 0.253 0.647 |    0   33    0    0    0   18    0    0    0    0    0    0    0 
  3   191 +0.092 +0.028 +0.041 +0.015 0.701 0.366 |    1   70   24   19    3   37    5    1    3    0    2   25    1 
  4   207 +0.124 +0.043 +0.035 +0.012 0.846 0.208 |   14   37    6    0   43    1    9   13   26   34    7    3   14 
  5   153 +0.106 +0.033 +0.032 +0.015 0.276 0.719 |    0   39    0    1    0  110    2    0    0    0    0    1    0 
  6   209 +0.081 +0.028 +0.028 +0.011 0.322 0.780 |    0   27  163    0    1    4    6    4    0    2    2    0    0 
  7    92 +0.233 +0.063 +0.047 +0.013 0.323 0.772 |    0   71    5   11    0    2    1    0    0    0    0    2    0 
  8   155 +0.069 +0.025 +0.030 +0.013 0.430 0.594 |    0   92   35    0    3   21    3    0    1    0    0    0    0 
  9   114 +0.183 +0.045 +0.035 +0.016 0.127 0.921 |    0  105    3    0    0    6    0    0    0    0    0    0    0 
---------------------------------------------------------------------------------------------------------------------

Timing Information -----------------------------------------------------------
   I/O:                                   0.026 sec
   Clustering:                           40.326 sec
   Reporting:                             0.004 sec
********************************************************************************
********************************************************************************
vcluster (CLUTO 2.1.1) Copyright 2001-03, Regents of the University of Minnesota

Matrix Information -----------------------------------------------------------
  Name: re0.mat, #Rows: 1504, #Columns: 2886, #NonZeros: 77808

Options ----------------------------------------------------------------------
  CLMethod=AGGLO, CRfun=I2, SimFun=CorrCoef, #Clusters: 10
  RowModel=None, ColModel=None, GrModel=SY-DIR, NNbrs=40
  Colprune=1.00, EdgePrune=-1.00, VtxPrune=-1.00, MinComponent=5
  CSType=Best, AggloFrom=0, AggloCRFun=I2, NTrials=10, NIter=10

Solution ---------------------------------------------------------------------

---------------------------------------------------------------------------------------------------------------------
10-way clustering: [I2=8.12e+02] [1504 of 1504], Entropy: 0.388, Purity: 0.624
---------------------------------------------------------------------------------------------------------------------
cid  Size  ISim  ISdev   ESim  ESdev  Entpy Purty | hous mone trad rese  cpi inte  gnp reta  ipi jobs  lei  bop  wpi 
---------------------------------------------------------------------------------------------------------------------
  0   280 +0.256 +0.083 +0.103 +0.034 0.319 0.593 |    0  105    3    1    0  166    5    0    0    0    0    0    0 
  1   133 +0.265 +0.080 +0.078 +0.031 0.143 0.910 |    0  121    6    0    0    6    0    0    0    0    0    0    0 
  2    59 +0.567 +0.101 +0.089 +0.025 0.245 0.678 |    0   40    0    0    0   19    0    0    0    0    0    0    0 
  3   100 +0.679 +0.076 +0.102 +0.028 0.022 0.990 |    0   99    0    0    0    1    0    0    0    0    0    0    0 
  4   202 +0.199 +0.058 +0.052 +0.025 0.115 0.946 |    1    5  191    0    0    0    1    0    2    1    0    1    0 
  5   172 +0.345 +0.082 +0.096 +0.028 0.561 0.349 |    1   41   60   33    0    1    1    0    0    0    0   35    0 
  6   166 +0.118 +0.038 +0.079 +0.039 0.467 0.542 |    0   90   49    8    4   11    4    0    0    0    0    0    0 
  7    60 +0.395 +0.093 +0.084 +0.031 0.128 0.917 |    0   55    0    0    0    1    0    0    0    4    0    0    0 
  8   185 +0.375 +0.096 +0.103 +0.029 0.790 0.259 |   11   36    1    0   48    4    1   14   26   23    7    0   14 
  9   147 +0.264 +0.077 +0.119 +0.030 0.731 0.463 |    3   16    9    0    8   10   68    6    9   11    4    2    1 
---------------------------------------------------------------------------------------------------------------------

Timing Information -----------------------------------------------------------
   I/O:                                   0.029 sec
   Clustering:                           20.351 sec
   Reporting:                             0.090 sec
********************************************************************************
********************************************************************************
vcluster (CLUTO 2.1.1) Copyright 2001-03, Regents of the University of Minnesota

Matrix Information -----------------------------------------------------------
  Name: re0.mat, #Rows: 1504, #Columns: 2886, #NonZeros: 77808

Options ----------------------------------------------------------------------
  CLMethod=AGGLO, CRfun=H1, SimFun=CorrCoef, #Clusters: 10
  RowModel=None, ColModel=None, GrModel=SY-DIR, NNbrs=40
  Colprune=1.00, EdgePrune=-1.00, VtxPrune=-1.00, MinComponent=5
  CSType=Best, AggloFrom=0, AggloCRFun=H1, NTrials=10, NIter=10

Solution ---------------------------------------------------------------------

---------------------------------------------------------------------------------------------------------------------
10-way clustering: [H1=9.74e-04] [1504 of 1504], Entropy: 0.397, Purity: 0.630
---------------------------------------------------------------------------------------------------------------------
cid  Size  ISim  ISdev   ESim  ESdev  Entpy Purty | hous mone trad rese  cpi inte  gnp reta  ipi jobs  lei  bop  wpi 
---------------------------------------------------------------------------------------------------------------------
  0   148 +0.245 +0.079 +0.084 +0.038 0.197 0.872 |    0  129    9    0    0    8    0    0    2    0    0    0    0 
  1   118 +0.314 +0.100 +0.089 +0.034 0.423 0.712 |    1   84   11    4    0    4    1    0    0    4    0    9    0 
  2   266 +0.172 +0.055 +0.057 +0.032 0.224 0.857 |    1   26  228    4    0    2    2    0    0    1    0    2    0 
  3   100 +0.679 +0.076 +0.102 +0.028 0.022 0.990 |    0   99    0    0    0    1    0    0    0    0    0    0    0 
  4   213 +0.291 +0.074 +0.114 +0.029 0.318 0.573 |    0   85    3    1    0  122    2    0    0    0    0    0    0 
  5    59 +0.567 +0.101 +0.089 +0.025 0.245 0.678 |    0   40    0    0    0   19    0    0    0    0    0    0    0 
  6   128 +0.371 +0.079 +0.103 +0.029 0.524 0.367 |    0   22   47   33    0    0    0    0    0    0    0   26    0 
  7   128 +0.128 +0.043 +0.069 +0.033 0.412 0.648 |    0   83   17    0    4   20    4    0    0    0    0    0    0 
  8   187 +0.378 +0.092 +0.101 +0.027 0.794 0.262 |   12   32    1    0   49    1    4   15   28   24    8    0   13 
  9   157 +0.292 +0.080 +0.118 +0.031 0.673 0.427 |    2    8    3    0    7   42   67    5    7   10    3    1    2 
---------------------------------------------------------------------------------------------------------------------

Timing Information -----------------------------------------------------------
   I/O:                                   0.026 sec
   Clustering:                           63.003 sec
   Reporting:                             0.091 sec
********************************************************************************
